=~=~=~=~=~=~=~=~=~=~=~= PuTTY log 2026.08.23 20:35:58 =~=~=~=~=~=~=~=~=~=~=~=
165,2678,83
166,2778,86
167,2877,89
168,2969,92
169,3058,95
170,3142,98
171,3222,100
172,3298,103
173,3372,105
174,3440,107
175,3508,109
176,3569,111
177,3626,113
178,3687,115
179,3743,116
180,3794,118
181,3844,120
182,3890,121
183,3937,123
184,3979,124
185,4020,125
186,4025,125
187,3830,119
188,3645,113
189,3471,108
190,3308,103
191,3151,98
192,3005,93
193,2863,89
194,2730,85
195,2596,81
196,2481,77
197,2366,73
198,2256,70
199,2152,67
200,2050,64
201,1956,61
202,1867,58
203,1780,55
204,1698,53
205,1619,50
206,1544,48
207,1473,46
208,1405,43
209,1341,41
210,1281,40
211,1221,38
212,1165,36
213,1113,34
214,1061,33
215,1011,31
216,966,30
217,921,28
218,880,27
219,838,26
220,992,31
221,1181,36
222,1363,42
223,1530,47
224,1691,52
225,1842,57
226,1987,62
227,2122,66
228,2253,70
229,2375,74
230,2492,77
231,2603,81
232,2710,84
233,2811,87
234,2909,90
235,2999,93
236,3088,96
237,3168,99
238,3249,101
239,3324,103
240,3395,106
241,3462,108
242,3529,110
243,3588,112
244,3650,114
245,3706,115
246,3759,117
247,3810,119
248,3859,120
249,3906,122
250,3952,123
251,3993,124
252,4035,126
253,3960,123
254,3769,117
255,3586,112
256,3416,106
257,3255,101
258,3101,96
259,2959,92
260,2817,88
261,2687,83
262,2562,80
263,2440,76
264,2327,72
265,2220,69
266,2116,66
267,2019,63
268,1925,60
269,1837,57
270,1751,54
271,1670,52
272,1593,49
273,1521,47
274,1451,45
275,1385,43
276,1320,41
277,1259,39
278,1201,37
279,1141,35
280,1093,34
281,1043,32
282,995,31
283,953,29
284,909,28
285,866,27
286,861,26
287,1059,33
288,1247,38
289,1421,44
290,1587,49
291,1743,54
292,1891,59
293,2036,63
294,2166,67
295,2294,71
296,2415,75
297,2532,79
298,2642,82
299,2747,85
300,2843,88
301,2939,91
302,3028,94
303,3116,97
304,3197,99
305,3274,102
306,3346,104
307,3418,106
308,3486,108
309,3551,110
310,3611,112
311,3670,114
312,3724,116
313,3778,118
314,3828,119
315,3877,121
316,3924,122
317,3967,123
318,4008,125
319,4048,126
320,3894,121
321,3706,115
322,3529,110
323,3360,105
324,3203,100
325,3052,95
326,2910,90
327,2772,86
328,2644,82
329,2520,78
330,2402,75
331,2291,71
332,2187,68
333,2082,65
334,1985,62
335,1893,59
336,1807,56
337,1726,53
338,1645,51
339,1568,49
340,1497,46
341,1426,44
342,1364,42
343,1301,40
344,1241,38
345,1183,36
346,1130,35
347,1077,33
348,1028,32
349,979,30
350,937,29
351,887,27
352,854,26
353,927,28
354,1121,35
355,1305,40
356,1478,46
357,1639,51
358,1792,56
359,1940,60
360,2078,64
361,2210,69
362,2337,73
363,2452,76
364,2570,80
365,2677,83
366,2780,86
367,2877,89
368,2970,92
369,3058,95
370,3142,98
371,3222,100
372,3299,103
373,3371,105
374,3440,107
375,3508,109
376,3571,111
377,3633,113
378,3688,115
379,3740,116
380,3794,118
381,3841,120
382,3890,121
383,3936,123
384,3979,124
385,4019,125
386,4025,125
387,3828,119
388,3644,113
389,3470,108
390,3306,103
391,3151,98
392,3004,93
393,2863,89
394,2729,85
395,2605,81
396,2480,77
397,2366,73
398,2254,70
399,2151,67
400,2049,64
401,1955,61
402,1865,58
403,1779,55
404,1698,53
405,1619,50
406,1544,48
407,1473,46
408,1405,43
409,1341,41
410,1278,39
411,1220,38
412,1163,36
413,1111,34
414,1059,33
415,1011,31
416,965,30
417,921,28
418,877,27
419,839,26
420,994,31
421,1184,37
422,1363,42
423,1533,47
424,1693,52
425,1844,57
426,1987,62
427,2125,66
428,2254,70
429,2376,74
430,2494,77
431,2606,81
432,2710,84
433,2813,87
434,2908,90
435,3002,93
436,3085,96
437,3169,99
438,3247,101
439,3323,103
440,3394,106
441,3464,108
442,3530,110
443,3591,112
444,3652,114
445,3707,115
446,3759,117
447,3812,119
448,3859,120
449,3907,122
450,3951,123
451,3994,124
452,4034,126
453,3959,123
454,3765,117
455,3585,112
456,3413,106
457,3252,101
458,3100,96
459,2953,92
460,2819,88
461,2686,83
462,2562,80
463,2441,76
464,2329,72
465,2218,69
466,2115,66
467,2020,63
468,1926,60
469,1835,57
470,1752,54
471,1670,52
472,1593,49
473,1520,47
474,1450,45
475,1383,43
476,1321,41
477,1260,39
478,1202,37
479,1147,35
480,1095,34
481,1044,32
482,996,31
483,950,29
484,907,28
485,866,27
486,860,26
487,1059,33
488,1244,38
489,1422,44
490,1588,49
491,1743,54
492,1893,59
493,2032,63
494,2167,67
495,2295,71
496,2415,75
497,2532,79
498,2642,82
499,2745,85
0,2303,71
1,2434,76
2,2555,79
3,2632,82
4,2499,78
5,2376,74
6,2259,70
7,2348,73
8,2475,77
9,2595,81
10,2588,80
11,2459,76
12,2338,73
13,2258,70
14,2390,74
15,2515,78
16,2630,82
17,2544,79
18,2416,75
19,2299,71
20,2303,71
21,2432,76
22,2554,79
23,2634,82
24,2498,78
25,2377,74
26,2261,70
27,2349,73
28,2473,77
29,2596,81
30,2587,80
31,2457,76
32,2337,73
33,2260,70
34,2391,74
35,2517,78
36,2632,82
37,2543,79
38,2415,75
39,2298,71
40,2304,72
41,2434,76
42,2554,79
43,2633,82
44,2500,78
45,2377,74
46,2257,70
47,2349,73
48,2475,77
49,2594,81
50,2588,80
51,2457,76
52,2336,73
53,2260,70
54,2391,74
55,2515,78
56,2630,82
57,2542,79
58,2416,75
59,2299,71
60,2304,72
61,2433,76
62,2557,79
63,2634,82
64,2499,78
65,2377,74
66,2259,70
67,2347,73
68,2474,77
69,2594,81
70,2586,80
71,2458,76
72,2335,72
73,2259,70
74,2393,74
75,2516,78
76,2632,82
77,2544,79
78,2418,75
79,2298,71
80,2303,71
81,2433,76
82,2555,79
83,2626,82
84,2500,78
85,2377,74
86,2259,70
87,2349,73
88,2474,77
89,2594,81
90,2586,80
91,2458,76
92,2336,73
93,2258,70
94,2392,74
95,2513,78
96,2631,82
97,2545,79
98,2417,75
99,2299,71
100,2304,72
101,2433,76
102,2555,79
103,2634,82
104,2500,78
105,2376,74
106,2260,70
107,2348,73
108,2474,77
109,2593,81
110,2587,80
111,2458,76
112,2336,73
113,2258,70
114,2391,74
115,2515,78
116,2631,82
117,2544,79
118,2417,75
119,2299,71
120,2303,71
121,2432,76
122,2554,79
123,2634,82
124,2500,78
125,2377,74
126,2260,70
127,2348,73
128,2474,77
129,2593,81
130,2587,80
131,2459,76
132,2335,72
133,2259,70
134,2391,74
135,2515,78
136,2630,82
137,2544,79
138,2416,75
139,2298,71
140,2303,71
141,2434,76
142,2556,79
143,2633,82
144,2502,78
145,2378,74
146,2258,70
147,2347,73
148,2474,77
149,2593,81
150,2589,80
151,2460,76
152,2337,73
153,2260,70
154,2389,74
155,2515,78
156,2629,82
157,2544,79
158,2417,75
159,2300,71
160,2302,71
161,2433,76
162,2553,79
163,2633,82
164,2501,78
165,2376,74
166,2260,70
167,2349,73
168,2474,77
169,2594,81
170,2587,80
171,2459,76
172,2336,73
173,2259,70
174,2392,74
175,2516,78
176,2630,82
177,2545,79
178,2418,75
179,2299,71
180,2303,71
181,2433,76
182,2554,79
183,2633,82
184,2502,78
185,2378,74
186,2262,70
187,2347,73
188,2474,77
189,2592,81
190,2589,80
191,2460,76
192,2340,73
193,2258,70
194,2391,74
195,2514,78
196,2631,82
197,2543,79
198,2419,75
199,2297,71
200,2304,72
201,2432,76
202,2554,79
203,2633,82
204,2502,78
205,2376,74
206,2263,70
207,2346,73
208,2474,77
209,2592,81
210,2588,80
211,2460,76
212,2337,73
213,2259,70
214,2391,74
215,2513,78
216,2632,82
217,2543,79
218,2417,75
219,2298,71
220,2304,72
221,2432,76
222,2554,79
223,2632,82
224,2500,78
225,2376,74
226,2261,70
227,2348,73
228,2474,77
229,2592,81
230,2590,80
231,2457,76
232,2337,73
233,2257,70
234,2391,74
235,2514,78
236,2634,82
237,2543,79
238,2416,75
239,2298,71
240,2304,72
241,2433,76
242,2555,79
243,2633,82
244,2500,78
245,2377,74
246,2259,70
247,2347,73
248,2474,77
249,2594,81
250,2587,80
251,2458,76
252,2336,73
253,2258,70
254,2391,74
255,2515,78
256,2632,82
257,2545,79
258,2416,75
259,2298,71
260,2303,71
261,2432,76
262,2553,79
263,2632,82
264,2499,78
265,2378,74
266,2260,70
267,2348,73
268,2474,77
269,2594,81
270,2586,80
271,2461,76
272,2335,72
273,2258,70
274,2391,74
275,2515,78
276,2630,82
277,2544,79
278,2416,75
279,2299,71
280,2303,71
281,2433,76
282,2554,79
283,2633,82
284,2501,78
285,2375,74
286,2259,70
287,2347,73
288,2475,77
289,2594,81
290,2588,80
291,2458,76
292,2337,73
293,2260,70
294,2390,74
295,2516,78
296,2631,82
297,2543,79
298,2416,75
299,2299,71
300,2304,72
301,2433,76
302,2554,79
303,2633,82
304,2499,78
305,2377,74
306,2259,70
307,2348,73
308,2473,77
309,2594,81
310,2587,80
311,2458,76
312,2338,73
313,2258,70
314,2390,74
315,2515,78
316,2631,82
317,2544,79
318,2416,75
319,2301,71
320,2305,72
321,2433,76
322,2554,79
323,2633,82
324,2498,78
325,2376,74
326,2259,70
327,2348,73
328,2476,77
329,2595,81
330,2587,80
331,2458,76
332,2335,72
333,2260,70
334,2393,74
335,2517,78
336,2629,82
337,2543,79
338,2416,75
339,2298,71
340,2306,72
341,2428,75
342,2553,79
343,2631,82
344,2498,78
345,2376,74
346,2260,70
347,2348,73
348,2472,77
349,2594,81
350,2589,80
351,2460,76
352,2337,73
353,2259,70
354,2390,74
355,2516,78
356,2630,82
357,2543,79
358,2416,75
359,2297,71
360,2304,72
361,2434,76
362,2554,79
363,2632,82
364,2497,78
365,2377,74
366,2259,70
367,2352,73
368,2477,77
369,2593,81
370,2585,80
371,2456,76
372,2336,73
373,2261,70
374,2390,74
375,2515,78
376,2633,82
377,2542,79
378,2415,75
379,2297,71
380,2304,72
381,2432,76
382,2555,79
383,2630,82
384,2499,78
385,2377,74
386,2259,70
387,2347,73
388,2474,77
389,2596,81
390,2586,80
391,2458,76
392,2337,73
393,2259,70
394,2392,74
395,2514,78
396,2632,82
397,2543,79
398,2418,75
399,2298,71
400,2305,72
401,2432,76
402,2555,79
403,2630,82
404,2499,78
405,2375,74
406,2260,70
407,2348,73
408,2476,77
409,2593,81
410,2586,80
411,2458,76
412,2336,73
413,2260,70
414,2394,74
415,2516,78
416,2636,82
417,2543,79
418,2415,75
419,2298,71
420,2305,72
421,2434,76
422,2556,79
423,2630,82
424,2498,78
425,2376,74
426,2260,70
427,2348,73
428,2477,77
429,2593,81
430,2587,80
431,2456,76
432,2331,72
433,2260,70
434,2393,74
435,2517,78
436,2634,82
437,2541,79
438,2416,75
439,2296,71
440,2304,72
441,2431,75
442,2556,79
443,2630,82
444,2500,78
445,2374,74
446,2258,70
447,2350,73
448,2475,77
449,2595,81
450,2588,80
451,2457,76
452,2334,72
453,2261,70
454,2392,74
455,2517,78
456,2632,82
457,2543,79
458,2415,75
459,2297,71
460,2304,72
461,2434,76
462,2556,79
463,2633,82
464,2499,78
465,2375,74
466,2259,70
467,2350,73
468,2475,77
469,2596,81
470,2586,80
471,2457,76
472,2335,72
473,2261,70
474,2393,74
475,2516,78
476,2632,82
477,2545,79
478,2416,75
479,2297,71
480,2303,71
481,2435,76
482,2554,79
483,2633,82
484,2499,78
485,2376,74
486,2259,70
487,2349,73
488,2475,77
489,2594,81
490,2585,80
491,2457,76
492,2334,72
493,2261,70
494,2391,74
495,2517,78
496,2633,82
497,2543,79
498,2415,75
499,2297,71
0,2624,82
1,2491,77
2,2367,73
3,2252,70
4,2357,73
5,2483,77
6,2600,81
7,2580,80
8,2451,76
9,2330,72
10,2268,70
11,2399,74
12,2522,78
13,2640,82
14,2534,79
15,2412,75
16,2288,71
17,2313,72
18,2441,76
19,2563,80
20,2624,82
21,2492,77
22,2368,74
23,2253,70
24,2356,73
25,2485,77
26,2599,81
27,2579,80
28,2449,76
29,2330,72
30,2268,70
31,2400,75
32,2522,78
33,2639,82
34,2535,79
35,2410,75
36,2290,71
37,2312,72
38,2441,76
39,2562,80
40,2624,82
41,2494,77
42,2368,74
43,2253,70
44,2356,73
45,2483,77
46,2600,81
47,2577,80
48,2448,76
49,2331,72
50,2266,70
51,2399,74
52,2522,78
53,2638,82
54,2535,79
55,2409,75
56,2292,71
57,2313,72
58,2441,76
59,2562,80
60,2625,82
61,2491,77
62,2368,74
63,2253,70
64,2355,73
65,2484,77
66,2600,81
67,2579,80
68,2450,76
69,2329,72
70,2268,70
71,2400,75
72,2523,78
73,2640,82
74,2535,79
75,2410,75
76,2289,71
77,2314,72
78,2443,76
79,2561,80
80,2624,82
81,2492,77
82,2369,74
83,2252,70
84,2356,73
85,2482,77
86,2602,81
87,2577,80
88,2450,76
89,2328,72
90,2268,70
91,2399,74
92,2522,78
93,2639,82
94,2533,79
95,2410,75
96,2293,71
97,2312,72
98,2442,76
99,2562,80
100,2625,82
101,2492,77
102,2369,74
103,2253,70
104,2357,73
105,2482,77
106,2601,81
107,2578,80
108,2451,76
109,2329,72
110,2271,70
111,2399,74
112,2523,78
113,2639,82
114,2533,79
115,2408,75
116,2292,71
117,2313,72
118,2442,76
119,2561,80
120,2623,81
121,2490,77
122,2370,74
123,2253,70
124,2357,73
125,2483,77
126,2601,81
127,2578,80
128,2450,76
129,2329,72
130,2270,70
131,2397,74
132,2523,78
133,2638,82
134,2534,79
135,2407,75
136,2291,71
137,2314,72
138,2442,76
139,2562,80
140,2622,81
141,2491,77
142,2369,74
143,2252,70
144,2358,73
145,2482,77
146,2602,81
147,2576,80
148,2451,76
149,2331,72
150,2268,70
151,2399,74
152,2523,78
153,2639,82
154,2535,79
155,2408,75
156,2291,71
157,2313,72
158,2442,76
159,2561,80
160,2622,81
161,2491,77
162,2369,74
163,2252,70
164,2350,73
165,2483,77
166,2603,81
167,2577,80
168,2450,76
169,2329,72
170,2269,70
171,2400,75
172,2523,78
173,2639,82
174,2533,79
175,2406,75
176,2290,71
177,2313,72
178,2441,76
179,2562,80
180,2623,81
181,2492,77
182,2367,73
183,2252,70
184,2358,73
185,2485,77
186,2603,81
187,2577,80
188,2448,76
189,2328,72
190,2269,70
191,2399,74
192,2523,78
193,2641,82
194,2534,79
195,2408,75
196,2290,71
197,2312,72
198,2442,76
199,2561,80
200,2621,81
201,2490,77
202,2367,73
203,2250,70
204,2357,73
205,2483,77
206,2604,81
207,2578,80
208,2449,76
209,2327,72
210,2270,70
211,2403,75
212,2525,78
213,2640,82
214,2533,79
215,2406,75
216,2289,71
217,2315,72
218,2440,76
219,2563,80
220,2622,81
221,2491,77
222,2366,73
223,2251,70
224,2355,73
225,2484,77
226,2600,81
227,2578,80
228,2448,76
229,2329,72
230,2268,70
231,2400,75
232,2524,78
233,2641,82
234,2535,79
235,2409,75
236,2289,71
237,2313,72
238,2443,76
239,2562,80
240,2622,81
241,2491,77
242,2366,73
243,2246,70
244,2357,73
245,2484,77
246,2602,81
247,2578,80
248,2449,76
249,2329,72
250,2268,70
251,2398,74
252,2524,78
253,2642,82
254,2534,79
255,2410,75
256,2290,71
257,2313,72
258,2441,76
259,2561,80
260,2621,81
261,2492,77
262,2368,74
263,2252,70
264,2357,73
265,2484,77
266,2601,81
267,2578,80
268,2449,76
269,2328,72
270,2268,70
271,2400,75
272,2524,78
273,2639,82
274,2533,79
275,2409,75
276,2291,71
277,2313,72
278,2442,76
279,2564,80
280,2622,81
281,2494,77
282,2367,73
283,2253,70
284,2356,73
285,2482,77
286,2600,81
287,2578,80
288,2450,76
289,2329,72
290,2271,70
291,2400,75
292,2524,78
293,2640,82
294,2533,79
295,2407,75
296,2291,71
297,2313,72
298,2442,76
299,2562,80
300,2623,81
301,2490,77
302,2367,73
303,2250,70
304,2356,73
305,2483,77
306,2602,81
307,2578,80
308,2452,76
309,2327,72
310,2270,70
311,2400,75
312,2524,78
313,2638,82
314,2534,79
315,2408,75
316,2290,71
317,2314,72
318,2442,76
319,2562,80
320,2623,81
321,2490,77
322,2367,73
323,2251,70
324,2357,73
325,2483,77
326,2599,81
327,2577,80
328,2449,76
329,2327,72
330,2270,70
331,2400,75
332,2524,78
333,2639,82
334,2535,79
335,2408,75
336,2290,71
337,2313,72
338,2441,76
339,2562,80
340,2622,81
341,2489,77
342,2369,74
343,2252,70
344,2358,73
345,2483,77
346,2603,81
347,2576,80
348,2448,76
349,2327,72
350,2268,70
351,2400,75
352,2525,78
353,2640,82
354,2534,79
355,2407,75
356,2289,71
357,2310,72
358,2442,76
359,2563,80
360,2624,82
361,2492,77
362,2367,73
363,2252,70
364,2356,73
365,2482,77
366,2601,81
367,2576,80
368,2449,76
369,2328,72
370,2269,70
371,2395,74
372,2522,78
373,2639,82
374,2533,79
375,2407,75
376,2291,71
377,2313,72
378,2444,76
379,2563,80
380,2624,82
381,2490,77
382,2367,73
383,2251,70
384,2358,73
385,2475,77
386,2602,81
387,2577,80
388,2449,76
389,2328,72
390,2269,70
391,2400,75
392,2523,78
393,2638,82
394,2534,79
395,2407,75
396,2290,71
397,2314,72
398,2441,76
399,2562,80
400,2623,81
401,2492,77
402,2368,74
403,2251,70
404,2358,73
405,2483,77
406,2602,81
407,2577,80
408,2450,76
409,2327,72
410,2270,70
411,2399,74
412,2523,78
413,2639,82
414,2533,79
415,2406,75
416,2290,71
417,2312,72
418,2442,76
419,2563,80
420,2623,81
421,2492,77
422,2369,74
423,2252,70
424,2356,73
425,2484,77
426,2602,81
427,2580,80
428,2449,76
429,2329,72
430,2269,70
431,2401,75
432,2525,78
433,2640,82
434,2532,79
435,2410,75
436,2289,71
437,2314,72
438,2441,76
439,2563,80
440,2623,81
441,2490,77
442,2369,74
443,2244,70
444,2358,73
445,2483,77
446,2602,81
447,2577,80
448,2448,76
449,2328,72
450,2270,70
451,2400,75
452,2524,78
453,2641,82
454,2532,79
455,2407,75
456,2287,71
457,2314,72
458,2443,76
459,2563,80
460,2621,81
461,2491,77
462,2368,74
463,2252,70
464,2357,73
465,2484,77
466,2601,81
467,2579,80
468,2449,76
469,2323,72
470,2269,70
471,2400,75
472,2525,78
473,2639,82
474,2534,79
475,2408,75
476,2289,71
477,2314,72
478,2442,76
479,2564,80
480,2623,81
481,2490,77
482,2368,74
483,2249,70
484,2356,73
485,2484,77
486,2603,81
487,2572,80
488,2449,76
489,2327,72
490,2270,70
491,2399,74
492,2525,78
493,2640,82
494,2534,79
495,2408,75
496,2291,71
497,2314,72
498,2443,76
499,2563,80
0,2316,72
1,2284,71
2,2413,75
3,2535,79
4,2650,82
5,2520,78
6,2393,74
7,2276,71
8,2328,72
9,2454,76
10,2577,80
11,2607,81
12,2479,77
13,2354,73
14,2239,69
15,2373,74
16,2495,77
17,2614,81
18,2562,80
19,2435,76
20,2314,72
21,2281,71
22,2414,75
23,2535,79
24,2652,82
25,2519,78
26,2389,74
27,2278,71
28,2327,72
29,2455,76
30,2576,80
31,2607,81
32,2478,77
33,2353,73
34,2239,69
35,2371,74
36,2495,77
37,2614,81
38,2561,80
39,2435,76
40,2314,72
41,2282,71
42,2414,75
43,2538,79
44,2651,82
45,2521,78
46,2391,74
47,2277,71
48,2328,72
49,2455,76
50,2572,80
51,2608,81
52,2476,77
53,2355,73
54,2238,69
55,2372,74
56,2497,78
57,2618,81
58,2563,80
59,2435,76
60,2315,72
61,2284,71
62,2415,75
63,2537,79
64,2651,82
65,2520,78
66,2394,74
67,2276,71
68,2328,72
69,2457,76
70,2575,80
71,2612,81
72,2476,77
73,2354,73
74,2239,69
75,2372,74
76,2496,78
77,2615,81
78,2562,80
79,2437,76
80,2315,72
81,2283,71
82,2414,75
83,2537,79
84,2650,82
85,2520,78
86,2395,74
87,2277,71
88,2327,72
89,2458,76
90,2577,80
91,2607,81
92,2476,77
93,2354,73
94,2241,70
95,2371,74
96,2496,78
97,2615,81
98,2563,80
99,2433,76
100,2314,72
101,2287,71
102,2415,75
103,2536,79
104,2653,82
105,2519,78
106,2394,74
107,2276,71
108,2329,72
109,2456,76
110,2577,80
111,2606,81
112,2476,77
113,2352,73
114,2239,69
115,2368,74
116,2499,78
117,2616,81
118,2564,80
119,2433,76
120,2313,72
121,2285,71
122,2416,75
123,2536,79
124,2653,82
125,2517,78
126,2392,74
127,2275,71
128,2329,72
129,2453,76
130,2577,80
131,2606,81
132,2476,77
133,2354,73
134,2239,69
135,2373,74
136,2498,78
137,2614,81
138,2563,80
139,2434,76
140,2314,72
141,2283,71
142,2415,75
143,2536,79
144,2653,82
145,2519,78
146,2394,74
147,2275,71
148,2330,72
149,2456,76
150,2579,80
151,2607,81
152,2475,77
153,2352,73
154,2238,69
155,2373,74
156,2498,78
157,2614,81
158,2561,80
159,2434,76
160,2313,72
161,2286,71
162,2415,75
163,2537,79
164,2654,82
165,2518,78
166,2394,74
167,2275,71
168,2328,72
169,2459,76
170,2576,80
171,2606,81
172,2474,77
173,2355,73
174,2239,69
175,2370,74
176,2498,78
177,2615,81
178,2562,80
179,2434,76
180,2315,72
181,2284,71
182,2415,75
183,2538,79
184,2652,82
185,2519,78
186,2393,74
187,2275,71
188,2329,72
189,2456,76
190,2576,80
191,2606,81
192,2475,77
193,2355,73
194,2238,69
195,2373,74
196,2499,78
197,2615,81
198,2561,80
199,2435,76
200,2314,72
201,2284,71
202,2414,75
203,2539,79
204,2652,82
205,2517,78
206,2392,74
207,2276,71
208,2329,72
209,2457,76
210,2577,80
211,2607,81
212,2476,77
213,2356,73
214,2239,69
215,2373,74
216,2497,78
217,2617,81
218,2562,80
219,2435,76
220,2314,72
221,2285,71
222,2415,75
223,2537,79
224,2653,82
225,2518,78
226,2392,74
227,2278,71
228,2328,72
229,2458,76
230,2576,80
231,2605,81
232,2476,77
233,2353,73
234,2238,69
235,2372,74
236,2498,78
237,2616,81
238,2562,80
239,2434,76
240,2315,72
241,2284,71
242,2417,75
243,2535,79
244,2653,82
245,2518,78
246,2392,74
247,2275,71
248,2328,72
249,2456,76
250,2578,80
251,2606,81
252,2476,77
253,2354,73
254,2238,69
255,2373,74
256,2497,78
257,2616,81
258,2563,80
259,2432,76
260,2314,72
261,2284,71
262,2415,75
263,2537,79
264,2652,82
265,2518,78
266,2393,74
267,2275,71
268,2330,72
269,2457,76
270,2578,80
271,2609,81
272,2476,77
273,2353,73
274,2238,69
275,2370,74
276,2498,78
277,2614,81
278,2563,80
279,2432,76
280,2313,72
281,2285,71
282,2415,75
283,2538,79
284,2653,82
285,2517,78
286,2394,74
287,2276,71
288,2329,72
289,2457,76
290,2576,80
291,2606,81
292,2476,77
293,2352,73
294,2239,69
295,2372,74
296,2498,78
297,2617,81
298,2561,80
299,2434,76
300,2314,72
301,2284,71
302,2415,75
303,2538,79
304,2652,82
305,2518,78
306,2394,74
307,2277,71
308,2327,72
309,2457,76
310,2577,80
311,2606,81
312,2476,77
313,2354,73
314,2239,69
315,2374,74
316,2497,78
317,2616,81
318,2562,80
319,2435,76
320,2315,72
321,2285,71
322,2417,75
323,2538,79
324,2653,82
325,2517,78
326,2394,74
327,2277,71
328,2328,72
329,2460,76
330,2577,80
331,2606,81
332,2476,77
333,2353,73
334,2237,69
335,2373,74
336,2497,78
337,2617,81
338,2562,80
339,2434,76
340,2315,72
341,2285,71
342,2415,75
343,2537,79
344,2652,82
345,2520,78
346,2393,74
347,2277,71
348,2329,72
349,2458,76
350,2576,80
351,2607,81
352,2476,77
353,2354,73
354,2238,69
355,2373,74
356,2497,78
357,2615,81
358,2562,80
359,2436,76
360,2313,72
361,2284,71
362,2415,75
363,2538,79
364,2654,82
365,2519,78
366,2395,74
367,2277,71
368,2328,72
369,2456,76
370,2577,80
371,2606,81
372,2477,77
373,2351,73
374,2239,69
375,2373,74
376,2499,78
377,2615,81
378,2562,80
379,2433,76
380,2313,72
381,2285,71
382,2416,75
383,2538,79
384,2654,82
385,2517,78
386,2395,74
387,2274,71
388,2330,72
389,2456,76
390,2577,80
391,2606,81
392,2476,77
393,2354,73
394,2239,69
395,2372,74
396,2499,78
397,2614,81
398,2562,80
399,2434,76
400,2315,72
401,2285,71
402,2417,75
403,2537,79
404,2653,82
405,2516,78
406,2393,74
407,2274,71
408,2330,72
409,2457,76
410,2578,80
411,2605,81
412,2476,77
413,2353,73
414,2238,69
415,2373,74
416,2500,78
417,2615,81
418,2563,80
419,2434,76
420,2316,72
421,2284,71
422,2416,75
423,2538,79
424,2652,82
425,2517,78
426,2393,74
427,2274,71
428,2330,72
429,2457,76
430,2578,80
431,2605,81
432,2475,77
433,2353,73
434,2236,69
435,2372,74
436,2498,78
437,2618,81
438,2561,80
439,2433,76
440,2314,72
441,2285,71
442,2414,75
443,2539,79
444,2654,82
445,2520,78
446,2393,74
447,2275,71
448,2328,72
449,2457,76
450,2576,80
451,2607,81
452,2474,77
453,2354,73
454,2249,70
455,2374,74
456,2498,78
457,2617,81
458,2562,80
459,2434,76
460,2313,72
461,2287,71
462,2415,75
463,2538,79
464,2653,82
465,2519,78
466,2391,74
467,2276,71
468,2328,72
469,2459,76
470,2577,80
471,2604,81
472,2474,77
473,2352,73
474,2237,69
475,2372,74
476,2497,78
477,2615,81
478,2561,80
479,2434,76
480,2310,72
481,2285,71
482,2416,75
483,2538,79
484,2653,82
485,2518,78
486,2393,74
487,2276,71
488,2330,72
489,2457,76
490,2576,80
491,2606,81
492,2475,77
493,2350,73
494,2239,69
495,2374,74
496,2496,78
497,2616,81
498,2562,80
499,2435,76
0,2401,75
1,2525,78
2,2640,82
3,2532,79
4,2406,75
5,2288,71
6,2316,72
7,2444,76
8,2565,80
9,2619,81
10,2491,77
11,2366,73
12,2248,70
13,2359,73
14,2485,77
15,2602,81
16,2577,80
17,2448,76
18,2330,72
19,2271,70
20,2402,75
21,2526,78
22,2643,82
23,2532,79
24,2406,75
25,2288,71
26,2315,72
27,2442,76
28,2565,80
29,2621,81
30,2489,77
31,2367,73
32,2251,70
33,2359,73
34,2485,77
35,2603,81
36,2575,80
37,2447,76
38,2326,72
39,2270,70
40,2404,75
41,2524,78
42,2641,82
43,2532,79
44,2407,75
45,2289,71
46,2315,72
47,2443,76
48,2565,80
49,2620,81
50,2491,77
51,2364,73
52,2250,70
53,2357,73
54,2485,77
55,2602,81
56,2577,80
57,2448,76
58,2328,72
59,2270,70
60,2403,75
61,2525,78
62,2643,82
63,2533,79
64,2409,75
65,2287,71
66,2314,72
67,2443,76
68,2564,80
69,2621,81
70,2490,77
71,2366,73
72,2252,70
73,2359,73
74,2484,77
75,2604,81
76,2576,80
77,2448,76
78,2328,72
79,2271,70
80,2402,75
81,2524,78
82,2639,82
83,2533,79
84,2406,75
85,2291,71
86,2314,72
87,2444,76
88,2564,80
89,2622,81
90,2490,77
91,2367,73
92,2250,70
93,2358,73
94,2484,77
95,2603,81
96,2576,80
97,2448,76
98,2327,72
99,2271,70
100,2400,75
101,2526,78
102,2640,82
103,2533,79
104,2407,75
105,2289,71
106,2314,72
107,2443,76
108,2563,80
109,2622,81
110,2489,77
111,2366,73
112,2250,70
113,2361,73
114,2484,77
115,2603,81
116,2577,80
117,2448,76
118,2326,72
119,2271,70
120,2401,75
121,2523,78
122,2640,82
123,2532,79
124,2407,75
125,2289,71
126,2314,72
127,2444,76
128,2563,80
129,2622,81
130,2491,77
131,2367,73
132,2250,70
133,2358,73
134,2482,77
135,2603,81
136,2577,80
137,2449,76
138,2328,72
139,2273,71
140,2402,75
141,2525,78
142,2640,82
143,2532,79
144,2408,75
145,2287,71
146,2313,72
147,2441,76
148,2564,80
149,2622,81
150,2490,77
151,2367,73
152,2252,70
153,2358,73
154,2486,77
155,2603,81
156,2577,80
157,2448,76
158,2329,72
159,2269,70
160,2401,75
161,2522,78
162,2640,82
163,2532,79
164,2408,75
165,2288,71
166,2314,72
167,2442,76
168,2564,80
169,2622,81
170,2490,77
171,2367,73
172,2251,70
173,2357,73
174,2485,77
175,2602,81
176,2577,80
177,2448,76
178,2328,72
179,2269,70
180,2401,75
181,2523,78
182,2639,82
183,2532,79
184,2407,75
185,2288,71
186,2314,72
187,2443,76
188,2559,79
189,2622,81
190,2491,77
191,2366,73
192,2251,70
193,2357,73
194,2484,77
195,2601,81
196,2578,80
197,2448,76
198,2327,72
199,2271,70
200,2401,75
201,2524,78
202,2641,82
203,2533,79
204,2407,75
205,2288,71
206,2314,72
207,2444,76
208,2564,80
209,2623,81
210,2490,77
211,2367,73
212,2251,70
213,2359,73
214,2484,77
215,2603,81
216,2576,80
217,2449,76
218,2328,72
219,2269,70
220,2400,75
221,2525,78
222,2640,82
223,2533,79
224,2407,75
225,2290,71
226,2313,72
227,2443,76
228,2563,80
229,2622,81
230,2488,77
231,2367,73
232,2251,70
233,2359,73
234,2483,77
235,2602,81
236,2578,80
237,2447,76
238,2325,72
239,2269,70
240,2399,74
241,2524,78
242,2639,82
243,2533,79
244,2406,75
245,2290,71
246,2315,72
247,2443,76
248,2562,80
249,2623,81
250,2490,77
251,2365,73
252,2251,70
253,2360,73
254,2484,77
255,2603,81
256,2577,80
257,2449,76
258,2329,72
259,2271,70
260,2401,75
261,2525,78
262,2640,82
263,2533,79
264,2408,75
265,2290,71
266,2313,72
267,2443,76
268,2563,80
269,2622,81
270,2490,77
271,2367,73
272,2250,70
273,2357,73
274,2486,77
275,2602,81
276,2579,80
277,2447,76
278,2328,72
279,2268,70
280,2400,75
281,2525,78
282,2641,82
283,2534,79
284,2406,75
285,2289,71
286,2315,72
287,2442,76
288,2564,80
289,2621,81
290,2488,77
291,2367,73
292,2251,70
293,2358,73
294,2484,77
295,2601,81
296,2576,80
297,2447,76
298,2328,72
299,2272,71
300,2402,75
301,2525,78
302,2642,82
303,2533,79
304,2403,75
305,2288,71
306,2312,72
307,2442,76
308,2564,80
309,2620,81
310,2490,77
311,2367,73
312,2249,70
313,2358,73
314,2484,77
315,2603,81
316,2577,80
317,2448,76
318,2327,72
319,2270,70
320,2401,75
321,2525,78
322,2641,82
323,2532,79
324,2408,75
325,2289,71
326,2317,72
327,2443,76
328,2564,80
329,2622,81
330,2494,77
331,2368,74
332,2249,70
333,2358,73
334,2484,77
335,2601,81
336,2576,80
337,2447,76
338,2327,72
339,2272,71
340,2402,75
341,2526,78
342,2640,82
343,2533,79
344,2406,75
345,2289,71
346,2314,72
347,2442,76
348,2560,80
349,2622,81
350,2490,77
351,2367,73
352,2250,70
353,2359,73
354,2483,77
355,2604,81
356,2577,80
357,2448,76
358,2326,72
359,2270,70
360,2400,75
361,2527,78
362,2640,82
363,2532,79
364,2405,75
365,2290,71
366,2313,72
367,2443,76
368,2563,80
369,2623,81
370,2489,77
371,2367,73
372,2249,70
373,2358,73
374,2484,77
375,2602,81
376,2576,80
377,2447,76
378,2326,72
379,2271,70
380,2403,75
381,2525,78
382,2640,82
383,2533,79
384,2408,75
385,2289,71
386,2313,72
387,2444,76
388,2561,80
389,2622,81
390,2489,77
391,2368,74
392,2251,70
393,2359,73
394,2483,77
395,2603,81
396,2576,80
397,2447,76
398,2327,72
399,2270,70
400,2399,74
401,2524,78
402,2640,82
403,2533,79
404,2407,75
405,2289,71
406,2315,72
407,2443,76
408,2566,80
409,2620,81
410,2491,77
411,2364,73
412,2250,70
413,2358,73
414,2485,77
415,2602,81
416,2577,80
417,2448,76
418,2327,72
419,2270,70
420,2401,75
421,2524,78
422,2642,82
423,2531,79
424,2409,75
425,2288,71
426,2314,72
427,2442,76
428,2564,80
429,2622,81
430,2490,77
431,2366,73
432,2252,70
433,2360,73
434,2484,77
435,2601,81
436,2577,80
437,2448,76
438,2327,72
439,2269,70
440,2400,75
441,2523,78
442,2641,82
443,2533,79
444,2407,75
445,2288,71
446,2318,72
447,2443,76
448,2565,80
449,2622,81
450,2490,77
451,2366,73
452,2249,70
453,2358,73
454,2484,77
455,2602,81
456,2577,80
457,2448,76
458,2326,72
459,2270,70
460,2402,75
461,2524,78
462,2642,82
463,2532,79
464,2407,75
465,2288,71
466,2315,72
467,2444,76
468,2564,80
469,2621,81
470,2490,77
471,2366,73
472,2251,70
473,2359,73
474,2483,77
475,2604,81
476,2576,80
477,2448,76
478,2326,72
479,2271,70
480,2402,75
481,2524,78
482,2640,82
483,2533,79
484,2407,75
485,2288,71
486,2314,72
487,2443,76
488,2564,80
489,2622,81
490,2486,77
491,2367,73
492,2249,70
493,2358,73
494,2484,77
495,2603,81
496,2576,80
497,2447,76
498,2327,72
499,2270,70
0,2517,78
1,2394,74
2,2276,71
3,2332,72
4,2458,76
5,2577,80
6,2602,81
7,2473,77
8,2350,73
9,2242,70
10,2376,74
11,2500,78
12,2617,81
13,2558,79
14,2432,76
15,2311,72
16,2288,71
17,2417,75
18,2541,79
19,2648,82
20,2515,78
21,2390,74
22,2273,71
23,2330,72
24,2459,76
25,2579,80
26,2608,81
27,2472,77
28,2351,73
29,2244,70
30,2374,74
31,2499,78
32,2617,81
33,2563,80
34,2433,76
35,2312,72
36,2288,71
37,2418,75
38,2539,79
39,2648,82
40,2514,78
41,2390,74
42,2272,71
43,2332,72
44,2460,76
45,2580,80
46,2604,81
47,2474,77
48,2350,73
49,2242,70
50,2375,74
51,2500,78
52,2618,81
53,2560,80
54,2431,75
55,2311,72
56,2288,71
57,2418,75
58,2539,79
59,2646,82
60,2515,78
61,2392,74
62,2274,71
63,2333,72
64,2460,76
65,2581,80
66,2604,81
67,2472,77
68,2351,73
69,2244,70
70,2376,74
71,2500,78
72,2618,81
73,2559,79
74,2430,75
75,2312,72
76,2291,71
77,2417,75
78,2541,79
79,2650,82
80,2514,78
81,2390,74
82,2272,71
83,2332,72
84,2460,76
85,2580,80
86,2605,81
87,2473,77
88,2350,73
89,2243,70
90,2375,74
91,2500,78
92,2618,81
93,2559,79
94,2433,76
95,2311,72
96,2289,71
97,2419,75
98,2540,79
99,2649,82
100,2512,78
101,2390,74
102,2270,70
103,2333,72
104,2459,76
105,2580,80
106,2603,81
107,2473,77
108,2349,73
109,2242,70
110,2374,74
111,2499,78
112,2616,81
113,2558,79
114,2432,76
115,2309,72
116,2289,71
117,2416,75
118,2542,79
119,2645,82
120,2515,78
121,2387,74
122,2272,71
123,2335,72
124,2461,76
125,2580,80
126,2603,81
127,2474,77
128,2350,73
129,2243,70
130,2376,74
131,2501,78
132,2619,81
133,2557,79
134,2431,75
135,2310,72
136,2290,71
137,2419,75
138,2541,79
139,2646,82
140,2516,78
141,2389,74
142,2273,71
143,2335,72
144,2461,76
145,2579,80
146,2603,81
147,2471,77
148,2350,73
149,2244,70
150,2378,74
151,2501,78
152,2621,81
153,2557,79
154,2431,75
155,2310,72
156,2290,71
157,2419,75
158,2543,79
159,2646,82
160,2516,78
161,2391,74
162,2276,71
163,2335,72
164,2461,76
165,2579,80
166,2602,81
167,2471,77
168,2350,73
169,2243,70
170,2376,74
171,2501,78
172,2618,81
173,2557,79
174,2432,76
175,2310,72
176,2292,71
177,2420,75
178,2541,79
179,2648,82
180,2513,78
181,2390,74
182,2272,71
183,2333,72
184,2461,76
185,2581,80
186,2601,81
187,2472,77
188,2351,73
189,2244,70
190,2376,74
191,2501,78
192,2619,81
193,2558,79
194,2430,75
195,2311,72
196,2288,71
197,2416,75
198,2543,79
199,2646,82
200,2515,78
201,2390,74
202,2273,71
203,2334,72
204,2460,76
205,2579,80
206,2600,81
207,2472,77
208,2349,73
209,2244,70
210,2378,74
211,2502,78
212,2620,81
213,2558,79
214,2429,75
215,2311,72
216,2289,71
217,2418,75
218,2537,79
219,2647,82
220,2514,78
221,2389,74
222,2272,71
223,2335,72
224,2461,76
225,2581,80
226,2602,81
227,2471,77
228,2349,73
229,2245,70
230,2378,74
231,2501,78
232,2619,81
233,2557,79
234,2429,75
235,2310,72
236,2288,71
237,2420,75
238,2543,79
239,2647,82
240,2512,78
241,2391,74
242,2272,71
243,2334,72
244,2461,76
245,2580,80
246,2603,81
247,2469,77
248,2349,73
249,2243,70
250,2376,74
251,2502,78
252,2620,81
253,2558,79
254,2430,75
255,2311,72
256,2290,71
257,2419,75
258,2543,79
259,2647,82
260,2514,78
261,2391,74
262,2270,70
263,2334,72
264,2461,76
265,2580,80
266,2602,81
267,2471,77
268,2350,73
269,2243,70
270,2377,74
271,2500,78
272,2619,81
273,2558,79
274,2430,75
275,2310,72
276,2292,71
277,2419,75
278,2541,79
279,2645,82
280,2514,78
281,2388,74
282,2270,70
283,2331,72
284,2460,76
285,2581,80
286,2601,81
287,2472,77
288,2352,73
289,2244,70
290,2378,74
291,2502,78
292,2619,81
293,2557,79
294,2430,75
295,2311,72
296,2290,71
297,2421,75
298,2543,79
299,2646,82
300,2514,78
301,2390,74
302,2269,70
303,2334,72
304,2461,76
305,2580,80
306,2601,81
307,2471,77
308,2349,73
309,2247,70
310,2378,74
311,2502,78
312,2620,81
313,2558,79
314,2430,75
315,2311,72
316,2290,71
317,2421,75
318,2541,79
319,2647,82
320,2511,78
321,2389,74
322,2272,71
323,2333,72
324,2461,76
325,2579,80
326,2601,81
327,2472,77
328,2350,73
329,2245,70
330,2376,74
331,2501,78
332,2618,81
333,2558,79
334,2430,75
335,2311,72
336,2289,71
337,2418,75
338,2541,79
339,2647,82
340,2514,78
341,2389,74
342,2273,71
343,2335,72
344,2462,76
345,2581,80
346,2603,81
347,2471,77
348,2349,73
349,2244,70
350,2378,74
351,2502,78
352,2619,81
353,2558,79
354,2429,75
355,2310,72
356,2291,71
357,2419,75
358,2543,79
359,2648,82
360,2514,78
361,2389,74
362,2271,70
363,2334,72
364,2461,76
365,2581,80
366,2602,81
367,2472,77
368,2349,73
369,2246,70
370,2377,74
371,2503,78
372,2621,81
373,2557,79
374,2428,75
375,2309,72
376,2290,71
377,2420,75
378,2544,79
379,2646,82
380,2514,78
381,2391,74
382,2272,71
383,2335,72
384,2462,76
385,2581,80
386,2601,81
387,2470,77
388,2349,73
389,2244,70
390,2377,74
391,2503,78
392,2620,81
393,2556,79
394,2430,75
395,2309,72
396,2291,71
397,2423,75
398,2543,79
399,2645,82
400,2513,78
401,2388,74
402,2271,70
403,2335,72
404,2462,76
405,2581,80
406,2599,81
407,2470,77
408,2348,73
409,2245,70
410,2379,74
411,2502,78
412,2621,81
413,2554,79
414,2429,75
415,2309,72
416,2292,71
417,2419,75
418,2542,79
419,2645,82
420,2512,78
421,2388,74
422,2270,70
423,2335,72
424,2463,76
425,2582,80
426,2600,81
427,2470,77
428,2348,73
429,2244,70
430,2378,74
431,2502,78
432,2622,81
433,2555,79
434,2429,75
435,2310,72
436,2292,71
437,2421,75
438,2544,79
439,2644,82
440,2513,78
441,2388,74
442,2270,70
443,2335,72
444,2462,76
445,2582,80
446,2600,81
447,2469,77
448,2349,73
449,2246,70
450,2377,74
451,2503,78
452,2620,81
453,2557,79
454,2430,75
455,2310,72
456,2288,71
457,2421,75
458,2541,79
459,2646,82
460,2513,78
461,2389,74
462,2270,70
463,2334,72
464,2463,76
465,2582,80
466,2600,81
467,2471,77
468,2348,73
469,2246,70
470,2378,74
471,2506,78
472,2621,81
473,2555,79
474,2430,75
475,2309,72
476,2291,71
477,2422,75
478,2543,79
479,2645,82
480,2512,78
481,2387,74
482,2270,70
483,2334,72
484,2463,76
485,2583,80
486,2600,81
487,2471,77
488,2348,73
489,2245,70
490,2378,74
491,2504,78
492,2620,81
493,2556,79
494,2430,75
495,2308,72
496,2293,71
497,2420,75
498,2543,79
499,2645,82
0,2294,71
1,2308,72
2,2438,76
3,2560,80
4,2625,82
5,2494,77
6,2369,74
7,2256,70
8,2354,73
9,2481,77
10,2599,81
11,2582,80
12,2452,76
13,2332,72
14,2265,70
15,2397,74
16,2518,78
17,2638,82
18,2537,79
19,2412,75
20,2293,71
21,2307,72
22,2439,76
23,2559,79
24,2624,82
25,2495,77
26,2370,74
27,2254,70
28,2353,73
29,2481,77
30,2598,81
31,2581,80
32,2452,76
33,2331,72
34,2265,70
35,2395,74
36,2520,78
37,2636,82
38,2536,79
39,2412,75
40,2291,71
41,2311,72
42,2439,76
43,2561,80
44,2624,82
45,2494,77
46,2371,74
47,2254,70
48,2355,73
49,2481,77
50,2599,81
51,2582,80
52,2452,76
53,2331,72
54,2264,70
55,2398,74
56,2521,78
57,2637,82
58,2536,79
59,2411,75
60,2291,71
61,2310,72
62,2441,76
63,2561,80
64,2624,82
65,2493,77
66,2369,74
67,2255,70
68,2357,73
69,2482,77
70,2598,81
71,2581,80
72,2450,76
73,2330,72
74,2266,70
75,2398,74
76,2523,78
77,2639,82
78,2535,79
79,2410,75
80,2290,71
81,2312,72
82,2439,76
83,2561,80
84,2624,82
85,2492,77
86,2370,74
87,2252,70
88,2355,73
89,2479,77
90,2600,81
91,2580,80
92,2451,76
93,2330,72
94,2267,70
95,2397,74
96,2520,78
97,2637,82
98,2537,79
99,2410,75
100,2292,71
101,2310,72
102,2440,76
103,2561,80
104,2625,82
105,2494,77
106,2369,74
107,2251,70
108,2354,73
109,2481,77
110,2601,81
111,2580,80
112,2450,76
113,2329,72
114,2266,70
115,2396,74
116,2522,78
117,2637,82
118,2537,79
119,2409,75
120,2291,71
121,2311,72
122,2440,76
123,2560,80
124,2626,82
125,2492,77
126,2370,74
127,2253,70
128,2357,73
129,2480,77
130,2600,81
131,2580,80
132,2450,76
133,2330,72
134,2267,70
135,2398,74
136,2523,78
137,2636,82
138,2537,79
139,2410,75
140,2285,71
141,2310,72
142,2443,76
143,2562,80
144,2626,82
145,2493,77
146,2371,74
147,2252,70
148,2356,73
149,2479,77
150,2599,81
151,2578,80
152,2452,76
153,2330,72
154,2267,70
155,2399,74
156,2523,78
157,2638,82
158,2535,79
159,2409,75
160,2292,71
161,2312,72
162,2440,76
163,2563,80
164,2623,81
165,2493,77
166,2369,74
167,2255,70
168,2355,73
169,2481,77
170,2600,81
171,2580,80
172,2450,76
173,2331,72
174,2267,70
175,2397,74
176,2524,78
177,2639,82
178,2535,79
179,2411,75
180,2290,71
181,2304,72
182,2440,76
183,2561,80
184,2624,82
185,2492,77
186,2369,74
187,2256,70
188,2356,73
189,2482,77
190,2598,81
191,2579,80
192,2450,76
193,2329,72
194,2268,70
195,2399,74
196,2524,78
197,2638,82
198,2535,79
199,2409,75
200,2290,71
201,2311,72
202,2439,76
203,2561,80
204,2624,82
205,2494,77
206,2369,74
207,2256,70
208,2355,73
209,2482,77
210,2599,81
211,2578,80
212,2452,76
213,2330,72
214,2270,70
215,2399,74
216,2523,78
217,2640,82
218,2535,79
219,2409,75
220,2290,71
221,2313,72
222,2442,76
223,2562,80
224,2624,82
225,2492,77
226,2369,74
227,2252,70
228,2355,73
229,2483,77
230,2599,81
231,2580,80
232,2451,76
233,2329,72
234,2268,70
235,2401,75
236,2524,78
237,2639,82
238,2534,79
239,2411,75
240,2291,71
241,2312,72
242,2443,76
243,2560,80
244,2623,81
245,2492,77
246,2368,74
247,2254,70
248,2356,73
249,2484,77
250,2600,81
251,2579,80
252,2449,76
253,2330,72
254,2268,70
255,2399,74
256,2522,78
257,2640,82
258,2534,79
259,2409,75
260,2290,71
261,2313,72
262,2440,76
263,2561,80
264,2623,81
265,2492,77
266,2368,74
267,2253,70
268,2356,73
269,2483,77
270,2600,81
271,2581,80
272,2450,76
273,2329,72
274,2269,70
275,2400,75
276,2523,78
277,2638,82
278,2535,79
279,2410,75
280,2291,71
281,2313,72
282,2441,76
283,2561,80
284,2624,82
285,2492,77
286,2368,74
287,2251,70
288,2355,73
289,2482,77
290,2602,81
291,2578,80
292,2450,76
293,2328,72
294,2268,70
295,2399,74
296,2523,78
297,2639,82
298,2534,79
299,2408,75
300,2293,71
301,2311,72
302,2443,76
303,2562,80
304,2626,82
305,2492,77
306,2367,73
307,2253,70
308,2356,73
309,2483,77
310,2601,81
311,2578,80
312,2451,76
313,2327,72
314,2270,70
315,2399,74
316,2522,78
317,2637,82
318,2537,79
319,2409,75
320,2292,71
321,2312,72
322,2442,76
323,2562,80
324,2623,81
325,2492,77
326,2368,74
327,2253,70
328,2358,73
329,2482,77
330,2601,81
331,2577,80
332,2451,76
333,2327,72
334,2268,70
335,2399,74
336,2523,78
337,2638,82
338,2536,79
339,2407,75
340,2293,71
341,2311,72
342,2441,76
343,2563,80
344,2623,81
345,2491,77
346,2370,74
347,2252,70
348,2356,73
349,2481,77
350,2600,81
351,2579,80
352,2450,76
353,2329,72
354,2271,70
355,2400,75
356,2522,78
357,2638,82
358,2536,79
359,2410,75
360,2290,71
361,2312,72
362,2440,76
363,2562,80
364,2622,81
365,2492,77
366,2367,73
367,2253,70
368,2357,73
369,2483,77
370,2600,81
371,2578,80
372,2447,76
373,2328,72
374,2267,70
375,2399,74
376,2522,78
377,2639,82
378,2534,79
379,2410,75
380,2290,71
381,2312,72
382,2440,76
383,2562,80
384,2623,81
385,2493,77
386,2369,74
387,2253,70
388,2356,73
389,2485,77
390,2602,81
391,2580,80
392,2450,76
393,2329,72
394,2267,70
395,2400,75
396,2522,78
397,2638,82
398,2534,79
399,2408,75
400,2289,71
401,2314,72
402,2441,76
403,2564,80
404,2622,81
405,2492,77
406,2368,74
407,2252,70
408,2355,73
409,2482,77
410,2600,81
411,2578,80
412,2448,76
413,2329,72
414,2269,70
415,2400,75
416,2522,78
417,2639,82
418,2533,79
419,2409,75
420,2290,71
421,2309,72
422,2441,76
423,2562,80
424,2625,82
425,2492,77
426,2368,74
427,2253,70
428,2356,73
429,2483,77
430,2598,81
431,2578,80
432,2448,76
433,2328,72
434,2267,70
435,2398,74
436,2523,78
437,2641,82
438,2535,79
439,2411,75
440,2291,71
441,2313,72
442,2443,76
443,2562,80
444,2622,81
445,2491,77
446,2367,73
447,2254,70
448,2357,73
449,2484,77
450,2601,81
451,2577,80
452,2450,76
453,2329,72
454,2269,70
455,2399,74
456,2523,78
457,2640,82
458,2535,79
459,2409,75
460,2290,71
461,2315,72
462,2442,76
463,2563,80
464,2623,81
465,2492,77
466,2367,73
467,2253,70
468,2355,73
469,2482,77
470,2601,81
471,2579,80
472,2450,76
473,2330,72
474,2270,70
475,2400,75
476,2522,78
477,2641,82
478,2534,79
479,2407,75
480,2291,71
481,2313,72
482,2442,76
483,2562,80
484,2622,81
485,2492,77
486,2368,74
487,2253,70
488,2356,73
489,2482,77
490,2602,81
491,2577,80
492,2450,76
493,2328,72
494,2269,70
495,2399,74
496,2523,78
497,2639,82
498,2535,79
499,2408,75
0,2576,80
1,2608,81
2,2474,77
3,2355,73
4,2236,69
5,2373,74
6,2497,78
7,2616,81
8,2561,80
9,2433,76
10,2313,72
11,2286,71
12,2416,75
13,2539,79
14,2649,82
15,2519,78
16,2392,74
17,2276,71
18,2328,72
19,2456,76
20,2578,80
21,2605,81
22,2474,77
23,2353,73
24,2274,71
25,2372,74
26,2497,78
27,2616,81
28,2560,80
29,2433,76
30,2314,72
31,2286,71
32,2415,75
33,2537,79
34,2634,82
35,2517,78
36,2392,74
37,2278,71
38,2329,72
39,2460,76
40,2578,80
41,2607,81
42,2475,77
43,2352,73
44,2275,71
45,2374,74
46,2498,78
47,2616,81
48,2562,80
49,2433,76
50,2313,72
51,2286,71
52,2414,75
53,2538,79
54,2616,81
55,2519,78
56,2392,74
57,2276,71
58,2330,72
59,2457,76
60,2579,80
61,2605,81
62,2475,77
63,2353,73
64,2279,71
65,2375,74
66,2498,78
67,2615,81
68,2561,80
69,2433,76
70,2314,72
71,2286,71
72,2417,75
73,2538,79
74,2627,82
75,2517,78
76,2393,74
77,2275,71
78,2330,72
79,2457,76
80,2576,80
81,2607,81
82,2477,77
83,2353,73
84,2254,70
85,2372,74
86,2500,78
87,2617,81
88,2561,80
89,2435,76
90,2314,72
91,2285,71
92,2416,75
93,2537,79
94,2653,82
95,2517,78
96,2392,74
97,2276,71
98,2332,72
99,2457,76
100,2578,80
101,2606,81
102,2475,77
103,2353,73
104,2239,69
105,2372,74
106,2498,78
107,2616,81
108,2562,80
109,2434,76
110,2314,72
111,2287,71
112,2417,75
113,2536,79
114,2653,82
115,2516,78
116,2394,74
117,2276,71
118,2328,72
119,2457,76
120,2577,80
121,2605,81
122,2475,77
123,2353,73
124,2240,70
125,2373,74
126,2497,78
127,2617,81
128,2562,80
129,2434,76
130,2311,72
131,2284,71
132,2414,75
133,2536,79
134,2651,82
135,2519,78
136,2394,74
137,2275,71
138,2330,72
139,2458,76
140,2577,80
141,2605,81
142,2474,77
143,2354,73
144,2237,69
145,2373,74
146,2498,78
147,2616,81
148,2562,80
149,2435,76
150,2314,72
151,2286,71
152,2414,75
153,2537,79
154,2654,82
155,2519,78
156,2394,74
157,2277,71
158,2328,72
159,2456,76
160,2576,80
161,2606,81
162,2475,77
163,2354,73
164,2237,69
165,2372,74
166,2496,78
167,2616,81
168,2561,80
169,2434,76
170,2314,72
171,2284,71
172,2414,75
173,2537,79
174,2652,82
175,2520,78
176,2393,74
177,2278,71
178,2328,72
179,2456,76
180,2578,80
181,2607,81
182,2477,77
183,2356,73
184,2239,69
185,2371,74
186,2495,77
187,2615,81
188,2563,80
189,2435,76
190,2314,72
191,2283,71
192,2413,75
193,2536,79
194,2652,82
195,2520,78
196,2395,74
197,2279,71
198,2330,72
199,2453,76
200,2575,80
201,2607,81
202,2476,77
203,2354,73
204,2239,69
205,2371,74
206,2498,78
207,2615,81
208,2563,80
209,2435,76
210,2315,72
211,2284,71
212,2415,75
213,2536,79
214,2653,82
215,2519,78
216,2396,74
217,2275,71
218,2327,72
219,2454,76
220,2575,80
221,2609,81
222,2478,77
223,2355,73
224,2240,70
225,2369,74
226,2496,78
227,2614,81
228,2563,80
229,2434,76
230,2315,72
231,2283,71
232,2415,75
233,2535,79
234,2651,82
235,2520,78
236,2396,74
237,2273,71
238,2328,72
239,2454,76
240,2575,80
241,2608,81
242,2477,77
243,2355,73
244,2240,70
245,2369,74
246,2497,78
247,2613,81
248,2564,80
249,2435,76
250,2315,72
251,2286,71
252,2413,75
253,2534,79
254,2651,82
255,2521,78
256,2396,74
257,2278,71
258,2327,72
259,2455,76
260,2574,80
261,2609,81
262,2478,77
263,2356,73
264,2240,70
265,2373,74
266,2496,78
267,2613,81
268,2563,80
269,2436,76
270,2316,72
271,2283,71
272,2410,75
273,2536,79
274,2651,82
275,2521,78
276,2396,74
277,2278,71
278,2327,72
279,2456,76
280,2573,80
281,2610,81
282,2479,77
283,2356,73
284,2240,70
285,2369,74
286,2492,77
287,2613,81
288,2564,80
289,2437,76
290,2316,72
291,2284,71
292,2411,75
293,2536,79
294,2651,82
295,2521,78
296,2395,74
297,2280,71
298,2327,72
299,2454,76
300,2575,80
301,2609,81
302,2478,77
303,2356,73
304,2242,70
305,2372,74
306,2495,77
307,2616,81
308,2564,80
309,2437,76
310,2315,72
311,2281,71
312,2412,75
313,2539,79
314,2651,82
315,2522,78
316,2397,74
317,2279,71
318,2326,72
319,2449,76
320,2573,80
321,2611,81
322,2478,77
323,2357,73
324,2240,70
325,2373,74
326,2492,77
327,2610,81
328,2564,80
329,2437,76
330,2321,72
331,2282,71
332,2412,75
333,2533,79
334,2650,82
335,2520,78
336,2396,74
337,2276,71
338,2326,72
339,2454,76
340,2574,80
341,2610,81
342,2479,77
343,2356,73
344,2242,70
345,2369,74
346,2496,78
347,2613,81
348,2566,80
349,2435,76
350,2318,72
351,2282,71
352,2414,75
353,2534,79
354,2650,82
355,2522,78
356,2397,74
357,2279,71
358,2326,72
359,2452,76
360,2574,80
361,2612,81
362,2480,77
363,2356,73
364,2242,70
365,2367,73
366,2493,77
367,2613,81
368,2566,80
369,2438,76
370,2319,72
371,2280,71
372,2411,75
373,2532,79
374,2650,82
375,2521,78
376,2399,74
377,2279,71
378,2326,72
379,2450,76
380,2574,80
381,2610,81
382,2480,77
383,2359,73
384,2242,70
385,2368,74
386,2494,77
387,2609,81
388,2566,80
389,2438,76
390,2318,72
391,2280,71
392,2411,75
393,2535,79
394,2649,82
395,2523,78
396,2396,74
397,2281,71
398,2323,72
399,2452,76
400,2573,80
401,2612,81
402,2481,77
403,2359,73
404,2241,70
405,2370,74
406,2492,77
407,2612,81
408,2566,80
409,2439,76
410,2318,72
411,2280,71
412,2411,75
413,2533,79
414,2648,82
415,2523,78
416,2397,74
417,2282,71
418,2326,72
419,2454,76
420,2573,80
421,2611,81
422,2480,77
423,2358,73
424,2241,70
425,2368,74
426,2493,77
427,2611,81
428,2564,80
429,2438,76
430,2318,72
431,2280,71
432,2410,75
433,2535,79
434,2648,82
435,2524,78
436,2397,74
437,2280,71
438,2325,72
439,2452,76
440,2571,80
441,2612,81
442,2481,77
443,2358,73
444,2242,70
445,2369,74
446,2493,77
447,2612,81
448,2565,80
449,2438,76
450,2319,72
451,2280,71
452,2411,75
453,2535,79
454,2649,82
455,2522,78
456,2397,74
457,2280,71
458,2324,72
459,2453,76
460,2573,80
461,2610,81
462,2479,77
463,2357,73
464,2242,70
465,2368,74
466,2495,77
467,2612,81
468,2566,80
469,2438,76
470,2317,72
471,2281,71
472,2408,75
473,2535,79
474,2651,82
475,2522,78
476,2399,74
477,2279,71
478,2326,72
479,2452,76
480,2574,80
481,2612,81
482,2479,77
483,2357,73
484,2242,70
485,2367,73
486,2489,77
487,2610,81
488,2567,80
489,2439,76
490,2317,72
491,2282,71
492,2409,75
493,2533,79
494,2650,82
495,2522,78
496,2397,74
497,2280,71
498,2327,72
499,2452,76
0,2371,74
1,2498,78
2,2613,81
3,2563,80
4,2434,76
5,2313,72
6,2285,71
7,2416,75
8,2538,79
9,2654,82
10,2518,78
11,2394,74
12,2275,71
13,2329,72
14,2456,76
15,2577,80
16,2605,81
17,2477,77
18,2350,73
19,2237,69
20,2371,74
21,2498,78
22,2614,81
23,2563,80
24,2433,76
25,2315,72
26,2284,71
27,2415,75
28,2538,79
29,2653,82
30,2515,78
31,2392,74
32,2277,71
33,2330,72
34,2459,76
35,2577,80
36,2607,81
37,2475,77
38,2353,73
39,2237,69
40,2373,74
41,2496,78
42,2617,81
43,2560,80
44,2435,76
45,2313,72
46,2285,71
47,2413,75
48,2538,79
49,2653,82
50,2518,78
51,2394,74
52,2276,71
53,2329,72
54,2459,76
55,2577,80
56,2606,81
57,2475,77
58,2355,73
59,2238,69
60,2374,74
61,2497,78
62,2614,81
63,2560,80
64,2434,76
65,2314,72
66,2286,71
67,2415,75
68,2538,79
69,2652,82
70,2520,78
71,2392,74
72,2275,71
73,2328,72
74,2458,76
75,2577,80
76,2608,81
77,2476,77
78,2354,73
79,2238,69
80,2372,74
81,2497,78
82,2616,81
83,2561,80
84,2434,76
85,2314,72
86,2286,71
87,2414,75
88,2537,79
89,2652,82
90,2519,78
91,2392,74
92,2277,71
93,2330,72
94,2458,76
95,2576,80
96,2608,81
97,2476,77
98,2354,73
99,2238,69
100,2372,74
101,2498,78
102,2615,81
103,2564,80
104,2434,76
105,2315,72
106,2285,71
107,2416,75
108,2537,79
109,2653,82
110,2518,78
111,2394,74
112,2277,71
113,2330,72
114,2452,76
115,2578,80
116,2606,81
117,2476,77
118,2354,73
119,2238,69
120,2373,74
121,2498,78
122,2616,81
123,2563,80
124,2434,76
125,2314,72
126,2283,71
127,2416,75
128,2538,79
129,2652,82
130,2518,78
131,2394,74
132,2276,71
133,2331,72
134,2457,76
135,2578,80
136,2606,81
137,2475,77
138,2352,73
139,2237,69
140,2375,74
141,2499,78
142,2614,81
143,2562,80
144,2433,76
145,2315,72
146,2285,71
147,2416,75
148,2538,79
149,2654,82
150,2519,78
151,2395,74
152,2277,71
153,2330,72
154,2453,76
155,2578,80
156,2607,81
157,2476,77
158,2352,73
159,2238,69
160,2373,74
161,2495,77
162,2615,81
163,2561,80
164,2436,76
165,2314,72
166,2286,71
167,2414,75
168,2538,79
169,2653,82
170,2518,78
171,2392,74
172,2277,71
173,2329,72
174,2456,76
175,2576,80
176,2608,81
177,2475,77
178,2354,73
179,2237,69
180,2372,74
181,2497,78
182,2615,81
183,2562,80
184,2434,76
185,2314,72
186,2285,71
187,2414,75
188,2537,79
189,2653,82
190,2519,78
191,2392,74
192,2276,71
193,2329,72
194,2457,76
195,2576,80
196,2606,81
197,2476,77
198,2353,73
199,2237,69
200,2372,74
201,2497,78
202,2615,81
203,2562,80
204,2434,76
205,2312,72
206,2286,71
207,2415,75
208,2539,79
209,2652,82
210,2519,78
211,2393,74
212,2277,71
213,2329,72
214,2457,76
215,2577,80
216,2609,81
217,2476,77
218,2355,73
219,2238,69
220,2373,74
221,2497,78
222,2616,81
223,2561,80
224,2435,76
225,2315,72
226,2283,71
227,2416,75
228,2536,79
229,2652,82
230,2519,78
231,2394,74
232,2276,71
233,2329,72
234,2457,76
235,2576,80
236,2606,81
237,2478,77
238,2354,73
239,2241,70
240,2371,74
241,2498,78
242,2617,81
243,2563,80
244,2432,76
245,2315,72
246,2283,71
247,2415,75
248,2536,79
249,2654,82
250,2519,78
251,2396,74
252,2275,71
253,2333,72
254,2457,76
255,2575,80
256,2607,81
257,2477,77
258,2354,73
259,2239,69
260,2373,74
261,2498,78
262,2615,81
263,2563,80
264,2436,76
265,2316,72
266,2283,71
267,2416,75
268,2537,79
269,2653,82
270,2519,78
271,2394,74
272,2277,71
273,2328,72
274,2455,76
275,2577,80
276,2607,81
277,2477,77
278,2353,73
279,2240,70
280,2371,74
281,2496,78
282,2614,81
283,2564,80
284,2435,76
285,2315,72
286,2286,71
287,2412,75
288,2534,79
289,2652,82
290,2519,78
291,2395,74
292,2276,71
293,2329,72
294,2458,76
295,2575,80
296,2608,81
297,2477,77
298,2356,73
299,2238,69
300,2371,74
301,2494,77
302,2615,81
303,2564,80
304,2436,76
305,2316,72
306,2283,71
307,2413,75
308,2534,79
309,2652,82
310,2521,78
311,2396,74
312,2277,71
313,2326,72
314,2457,76
315,2573,80
316,2609,81
317,2478,77
318,2356,73
319,2240,70
320,2370,74
321,2495,77
322,2614,81
323,2562,80
324,2435,76
325,2315,72
326,2284,71
327,2414,75
328,2533,79
329,2650,82
330,2521,78
331,2394,74
332,2278,71
333,2328,72
334,2456,76
335,2577,80
336,2607,81
337,2478,77
338,2356,73
339,2240,70
340,2369,74
341,2495,77
342,2614,81
343,2563,80
344,2437,76
345,2317,72
346,2282,71
347,2413,75
348,2534,79
349,2649,82
350,2521,78
351,2396,74
352,2279,71
353,2328,72
354,2456,76
355,2574,80
356,2609,81
357,2477,77
358,2356,73
359,2239,69
360,2369,74
361,2497,78
362,2613,81
363,2564,80
364,2435,76
365,2318,72
366,2282,71
367,2413,75
368,2536,79
369,2652,82
370,2520,78
371,2396,74
372,2280,71
373,2328,72
374,2454,76
375,2574,80
376,2610,81
377,2479,77
378,2356,73
379,2241,70
380,2368,74
381,2494,77
382,2613,81
383,2564,80
384,2436,76
385,2318,72
386,2279,71
387,2413,75
388,2536,79
389,2652,82
390,2518,78
391,2395,74
392,2277,71
393,2327,72
394,2454,76
395,2575,80
396,2611,81
397,2478,77
398,2356,73
399,2239,69
400,2368,74
401,2495,77
402,2613,81
403,2565,80
404,2437,76
405,2317,72
406,2281,71
407,2412,75
408,2535,79
409,2651,82
410,2520,78
411,2397,74
412,2280,71
413,2327,72
414,2454,76
415,2574,80
416,2610,81
417,2480,77
418,2357,73
419,2241,70
420,2369,74
421,2495,77
422,2613,81
423,2565,80
424,2435,76
425,2316,72
426,2281,71
427,2414,75
428,2535,79
429,2649,82
430,2522,78
431,2396,74
432,2279,71
433,2325,72
434,2454,76
435,2573,80
436,2610,81
437,2482,77
438,2357,73
439,2240,70
440,2371,74
441,2494,77
442,2612,81
443,2564,80
444,2438,76
445,2315,72
446,2282,71